Loudness values at roll angle = 0.000000, trajectory time:0.000000e+000 1.600000
SELa[0] = 7.7683266067124137000000e+001 dB(A)
SELc =  94.44457435930520700000 dB(C)

