Loudness values at roll angle = 0.000000, trajectory time:0.000000e+000 1.600000
SELa[0] = 8.3736909915345151000000e+001 dB(A)
SELc =  99.29103729489442300000 dB(C)

