Loudness values at roll angle = 0.000000, trajectory time:0.000000e+000 1.700000
SELa[0] = 6.8628496091049740000000e+001 dB(A)
SELc =  92.34921540389761700000 dB(C)

