Loudness values at roll angle = 0.000000, trajectory time:0.000000e+000 1.600000
SELa[0] = 6.8792139318345917000000e+001 dB(A)
SELc =  95.89535474059344700000 dB(C)

