Loudness values at roll angle = 0.000000, trajectory time:0.000000e+000 1.600000
SELa[0] = 6.5250452729405495000000e+001 dB(A)
SELc =  94.94747750275466600000 dB(C)

