Loudness values at roll angle = 0.000000, trajectory time:0.000000e+000 1.600000
SELa[0] = 6.3952822796013393000000e+001 dB(A)
SELc =  94.65548966784933800000 dB(C)

